Rešenje problema su ove četiri cene: 3.16, 1.50, 1.25, 1.20
a) Maksimalan broj poziva optimizacione funkcije kad se vrši potpuna pretraga po četiri cene: 10558353555

b) Maksimalan broj poziva optimizacione funkcije kad se vrši potpuna pretraga po tri cene: 59651714

Drugi pristup je brži 177.00 puta.
Ako upoređujemo prvi i drugi pristup onda su vremenske složenosti O(N^4) i O(N^3), gde je N=711. 
To znači da je pristup pretrazi po tri cene jedan red složenosti jednostavniji, pa samim tim i brži.

v) Što se tiče bonus pitanja, postoji 108 drugih brojeva sličnih broju 7.11, 
dok ukupan broj torki koja su rešenja za problem ima 183(računajući i rešenje za 7.11).  

Ovo je lista svih tih brojeva(neračunajući 0.00, a tu je i 7.11) i po jedno od rešenja za svaki od njih:
1. 6.44: (1.25, 1.60, 1.75, 1.84)
2. 6.51: (1.25, 1.40, 1.86, 2.00)
3. 6.60: (1.10, 1.50, 2.00, 2.00)
4. 6.63: (1.25, 1.25, 1.92, 2.21)
5. 6.65: (1.00, 1.75, 1.90, 2.00)
6. 6.72: (1.12, 1.50, 1.60, 2.50)
7. 6.75: (1.00, 1.50, 2.00, 2.25)
8. 6.78: (1.13, 1.25, 2.00, 2.40)
9. 6.80: (1.00, 1.60, 1.70, 2.50)
10. 6.84: (1.00, 1.44, 1.90, 2.50)
11. 6.86: (1.00, 1.40, 1.96, 2.50)
12. 6.89: (1.06, 1.25, 2.08, 2.50)
13. 6.93: (0.88, 1.75, 1.80, 2.50)
14. 7.02: (1.17, 1.25, 1.60, 3.00)
15. 7.05: (1.00, 1.20, 2.35, 2.50)
16. 7.07: (0.80, 1.75, 2.02, 2.50)
17. 7.08: (1.00, 1.18, 2.40, 2.50)
18. 7.11: (1.20, 1.25, 1.50, 3.16)
19. 7.13: (1.00, 1.15, 2.48, 2.50)
20. 7.14: (1.02, 1.12, 2.50, 2.50)
21. 7.20: (0.80, 1.50, 2.40, 2.50)
22. 7.25: (0.80, 1.45, 2.50, 2.50)
23. 7.26: (0.75, 1.76, 2.00, 2.75)
24. 7.28: (0.70, 2.00, 2.08, 2.50)
25. 7.29: (1.00, 1.25, 1.80, 3.24)
26. 7.35: (0.70, 1.75, 2.40, 2.50)
27. 7.37: (0.67, 2.00, 2.20, 2.50)
28. 7.47: (0.90, 1.25, 2.00, 3.32)
29. 7.50: (1.00, 1.00, 2.50, 3.00)
30. 7.52: (0.64, 1.88, 2.50, 2.50)
31. 7.56: (0.80, 1.26, 2.50, 3.00)
32. 7.62: (1.00, 1.27, 1.60, 3.75)
33. 7.65: (0.60, 2.00, 2.50, 2.55)
34. 7.67: (0.59, 2.08, 2.50, 2.50)
35. 7.70: (1.00, 1.00, 2.20, 3.50)
36. 7.74: (0.75, 1.29, 2.50, 3.20)
37. 7.77: (0.80, 1.25, 2.22, 3.50)
38. 7.79: (0.76, 1.25, 2.50, 3.28)
39. 7.80: (0.75, 1.25, 2.60, 3.20)
40. 7.82: (0.92, 1.00, 2.50, 3.40)
41. 7.83: (0.58, 2.00, 2.25, 3.00)
42. 7.86: (0.80, 1.31, 2.00, 3.75)
43. 7.92: (0.72, 1.25, 2.75, 3.20)
44. 8.00: (1.00, 1.00, 2.00, 4.00)
45. 8.01: (0.75, 1.20, 2.50, 3.56)
46. 8.03: (0.88, 1.00, 2.50, 3.65)
47. 8.10: (0.50, 2.40, 2.50, 2.70)
48. 8.12: (0.50, 2.32, 2.50, 2.80)
49. 8.16: (0.85, 1.00, 2.56, 3.75)
50. 8.19: (0.84, 1.00, 2.60, 3.75)
51. 8.22: (0.48, 2.50, 2.50, 2.74)
52. 8.25: (0.50, 2.00, 2.75, 3.00)
53. 8.28: (0.48, 2.30, 2.50, 3.00)
54. 8.33: (0.70, 1.25, 2.38, 4.00)
55. 8.36: (0.76, 1.10, 2.50, 4.00)
56. 8.37: (0.62, 1.50, 2.25, 4.00)
57. 8.40: (0.50, 2.00, 2.40, 3.50)
58. 8.45: (0.65, 1.30, 2.50, 4.00)
59. 8.46: (0.64, 1.25, 2.82, 3.75)
60. 8.52: (0.60, 1.42, 2.50, 4.00)
61. 8.55: (0.50, 1.90, 2.40, 3.75)
62. 8.60: (0.80, 1.00, 2.50, 4.30)
63. 8.64: (0.50, 1.80, 2.50, 3.84)
64. 8.67: (0.50, 1.70, 2.72, 3.75)
65. 8.69: (0.79, 1.00, 2.50, 4.40)
66. 8.73: (0.60, 1.25, 3.00, 3.88)
67. 8.75: (0.50, 1.75, 2.50, 4.00)
68. 8.76: (0.80, 1.46, 1.50, 5.00)
69. 8.78: (0.64, 1.25, 2.50, 4.39)
70. 8.82: (0.42, 2.40, 2.50, 3.50)
71. 8.85: (0.40, 2.50, 2.95, 3.00)
72. 8.88: (0.75, 1.28, 1.85, 5.00)
73. 8.91: (0.45, 2.00, 2.50, 3.96)
74. 8.94: (0.50, 1.49, 3.20, 3.75)
75. 8.96: (0.40, 2.50, 2.56, 3.50)
76. 9.00: (0.40, 2.50, 2.50, 3.60)
77. 9.02: (0.82, 1.00, 2.20, 5.00)
78. 9.03: (0.43, 2.10, 2.50, 4.00)
79. 9.12: (0.60, 1.52, 2.00, 5.00)
80. 9.18: (0.48, 1.70, 2.50, 4.50)
81. 9.20: (0.40, 2.30, 2.50, 4.00)
82. 9.23: (1.00, 1.25, 1.30, 5.68)
83. 9.24: (0.64, 1.00, 3.75, 3.85)
84. 9.27: (0.40, 2.25, 2.50, 4.12)
85. 9.35: (0.40, 2.20, 2.50, 4.25)
86. 9.36: (0.50, 1.56, 2.50, 4.80)
87. 9.38: (0.70, 1.00, 2.68, 5.00)
88. 9.45: (0.35, 2.50, 3.00, 3.60)
89. 9.48: (0.50, 1.28, 3.75, 3.95)
90. 9.54: (0.75, 0.80, 3.75, 4.24)
91. 9.57: (0.75, 1.00, 2.32, 5.50)
92. 9.59: (0.35, 2.50, 2.74, 4.00)
93. 9.60: (0.60, 1.00, 4.00, 4.00)
94. 9.62: (0.37, 2.00, 3.25, 4.00)
95. 9.63: (0.50, 1.25, 3.60, 4.28)
96. 9.66: (0.50, 1.40, 2.76, 5.00)
97. 9.68: (0.80, 0.88, 2.50, 5.50)
98. 9.69: (0.34, 2.50, 2.85, 4.00)
99. 9.72: (0.72, 1.50, 1.50, 6.00)
100. 9.75: (1.00, 1.20, 1.30, 6.25)
101. 9.78: (0.40, 1.63, 3.75, 4.00)
102. 9.80: (0.40, 2.00, 2.50, 4.90)
103. 9.81: (0.50, 1.20, 3.75, 4.36)
104. 9.86: (0.80, 1.36, 1.45, 6.25)
105. 9.87: (0.47, 1.40, 3.00, 5.00)
106. 9.89: (0.92, 1.00, 1.72, 6.25)
107. 9.90: (0.50, 1.25, 3.20, 4.95)
108. 9.92: (0.32, 2.50, 3.10, 4.00)
109. 9.99: (0.50, 1.44, 2.50, 5.55)

Ovo je lista svih torki koja su rešenja problema:
1. 6.44: (1.25, 1.60, 1.75, 1.84)
2. 6.51: (1.25, 1.40, 1.86, 2.00)
3. 6.60: (1.10, 1.50, 2.00, 2.00)
4. 6.63: (1.25, 1.25, 1.92, 2.21)
5. 6.65: (1.00, 1.75, 1.90, 2.00)
6. 6.72: (1.12, 1.50, 1.60, 2.50)
7. 6.75: (1.00, 1.50, 2.00, 2.25)
8. 6.75: (1.20, 1.25, 1.80, 2.50)
9. 6.78: (1.13, 1.25, 2.00, 2.40)
10. 6.80: (1.00, 1.60, 1.70, 2.50)
11. 6.84: (1.00, 1.44, 1.90, 2.50)
12. 6.84: (1.14, 1.20, 2.00, 2.50)
13. 6.86: (1.00, 1.40, 1.96, 2.50)
14. 6.89: (1.06, 1.25, 2.08, 2.50)
15. 6.93: (0.88, 1.75, 1.80, 2.50)
16. 6.93: (1.00, 1.50, 1.68, 2.75)
17. 7.02: (1.17, 1.25, 1.60, 3.00)
18. 7.05: (1.00, 1.20, 2.35, 2.50)
19. 7.07: (0.80, 1.75, 2.02, 2.50)
20. 7.07: (1.00, 1.25, 2.02, 2.80)
21. 7.08: (1.00, 1.18, 2.40, 2.50)
22. 7.11: (1.20, 1.25, 1.50, 3.16)
23. 7.13: (1.00, 1.15, 2.48, 2.50)
24. 7.14: (1.02, 1.12, 2.50, 2.50)
25. 7.14: (1.19, 1.25, 1.50, 3.20)
26. 7.20: (0.80, 1.50, 2.40, 2.50)
27. 7.20: (1.00, 1.20, 2.00, 3.00)
28. 7.20: (1.00, 1.50, 1.50, 3.20)
29. 7.25: (0.80, 1.45, 2.50, 2.50)
30. 7.26: (0.75, 1.76, 2.00, 2.75)
31. 7.28: (0.70, 2.00, 2.08, 2.50)
32. 7.28: (1.00, 1.28, 1.75, 3.25)
33. 7.29: (1.00, 1.25, 1.80, 3.24)
34. 7.35: (0.70, 1.75, 2.40, 2.50)
35. 7.35: (1.00, 1.05, 2.50, 2.80)
36. 7.35: (1.20, 1.25, 1.40, 3.50)
37. 7.37: (0.67, 2.00, 2.20, 2.50)
38. 7.47: (0.90, 1.25, 2.00, 3.32)
39. 7.50: (1.00, 1.00, 2.50, 3.00)
40. 7.52: (0.64, 1.88, 2.50, 2.50)
41. 7.56: (0.80, 1.26, 2.50, 3.00)
42. 7.56: (0.96, 1.25, 1.75, 3.60)
43. 7.56: (1.12, 1.25, 1.44, 3.75)
44. 7.56: (1.25, 1.25, 1.28, 3.78)
45. 7.62: (1.00, 1.27, 1.60, 3.75)
46. 7.65: (0.60, 2.00, 2.50, 2.55)
47. 7.65: (0.75, 1.50, 2.00, 3.40)
48. 7.65: (1.00, 1.00, 2.25, 3.40)
49. 7.65: (1.00, 1.20, 1.70, 3.75)
50. 7.67: (0.59, 2.08, 2.50, 2.50)
51. 7.70: (1.00, 1.00, 2.20, 3.50)
52. 7.70: (1.00, 1.25, 1.60, 3.85)
53. 7.74: (0.75, 1.29, 2.50, 3.20)
54. 7.74: (0.80, 1.25, 2.25, 3.44)
55. 7.74: (1.20, 1.25, 1.29, 4.00)
56. 7.77: (0.80, 1.25, 2.22, 3.50)
57. 7.79: (0.76, 1.25, 2.50, 3.28)
58. 7.80: (0.75, 1.25, 2.60, 3.20)
59. 7.80: (1.00, 1.30, 1.50, 4.00)
60. 7.82: (0.92, 1.00, 2.50, 3.40)
61. 7.83: (0.58, 2.00, 2.25, 3.00)
62. 7.86: (0.80, 1.31, 2.00, 3.75)
63. 7.92: (0.72, 1.25, 2.75, 3.20)
64. 7.92: (0.75, 1.25, 2.40, 3.52)
65. 7.92: (0.90, 1.00, 2.50, 3.52)
66. 8.00: (1.00, 1.00, 2.00, 4.00)
67. 8.01: (0.75, 1.20, 2.50, 3.56)
68. 8.03: (0.88, 1.00, 2.50, 3.65)
69. 8.10: (0.50, 2.40, 2.50, 2.70)
70. 8.10: (0.60, 1.50, 3.00, 3.00)
71. 8.10: (0.75, 1.20, 2.40, 3.75)
72. 8.10: (0.75, 1.35, 2.00, 4.00)
73. 8.10: (0.80, 1.25, 2.00, 4.05)
74. 8.12: (0.50, 2.32, 2.50, 2.80)
75. 8.16: (0.85, 1.00, 2.56, 3.75)
76. 8.19: (0.84, 1.00, 2.60, 3.75)
77. 8.19: (1.04, 1.25, 1.40, 4.50)
78. 8.22: (0.48, 2.50, 2.50, 2.74)
79. 8.25: (0.50, 2.00, 2.75, 3.00)
80. 8.28: (0.48, 2.30, 2.50, 3.00)
81. 8.28: (0.60, 1.50, 2.50, 3.68)
82. 8.28: (0.69, 1.25, 2.50, 3.84)
83. 8.33: (0.70, 1.25, 2.38, 4.00)
84. 8.33: (0.85, 0.98, 2.50, 4.00)
85. 8.33: (0.85, 1.25, 1.75, 4.48)
86. 8.36: (0.76, 1.10, 2.50, 4.00)
87. 8.37: (0.62, 1.50, 2.25, 4.00)
88. 8.40: (0.50, 2.00, 2.40, 3.50)
89. 8.40: (0.70, 1.20, 2.50, 4.00)
90. 8.45: (0.65, 1.30, 2.50, 4.00)
91. 8.46: (0.64, 1.25, 2.82, 3.75)
92. 8.46: (1.00, 1.25, 1.41, 4.80)
93. 8.52: (0.60, 1.42, 2.50, 4.00)
94. 8.55: (0.50, 1.90, 2.40, 3.75)
95. 8.55: (0.50, 2.00, 2.25, 3.80)
96. 8.55: (0.75, 1.00, 3.00, 3.80)
97. 8.55: (0.80, 1.50, 1.50, 4.75)
98. 8.55: (1.00, 1.00, 1.80, 4.75)
99. 8.60: (0.80, 1.00, 2.50, 4.30)
100. 8.64: (0.50, 1.80, 2.50, 3.84)
101. 8.64: (0.54, 1.60, 2.50, 4.00)
102. 8.64: (0.64, 1.50, 2.00, 4.50)
103. 8.64: (1.00, 1.20, 1.44, 5.00)
104. 8.67: (0.50, 1.70, 2.72, 3.75)
105. 8.69: (0.79, 1.00, 2.50, 4.40)
106. 8.73: (0.60, 1.25, 3.00, 3.88)
107. 8.75: (0.50, 1.75, 2.50, 4.00)
108. 8.75: (1.00, 1.00, 1.75, 5.00)
109. 8.76: (0.80, 1.46, 1.50, 5.00)
110. 8.78: (0.64, 1.25, 2.50, 4.39)
111. 8.82: (0.42, 2.40, 2.50, 3.50)
112. 8.82: (0.70, 1.12, 2.50, 4.50)
113. 8.82: (0.75, 1.25, 1.92, 4.90)
114. 8.82: (0.75, 1.47, 1.60, 5.00)
115. 8.82: (1.12, 1.20, 1.25, 5.25)
116. 8.85: (0.40, 2.50, 2.95, 3.00)
117. 8.88: (0.75, 1.28, 1.85, 5.00)
118. 8.91: (0.45, 2.00, 2.50, 3.96)
119. 8.91: (0.81, 1.10, 2.00, 5.00)
120. 8.94: (0.50, 1.49, 3.20, 3.75)
121. 8.96: (0.40, 2.50, 2.56, 3.50)
122. 9.00: (0.40, 2.50, 2.50, 3.60)
123. 9.00: (0.50, 1.50, 3.00, 4.00)
124. 9.00: (0.50, 2.00, 2.00, 4.50)
125. 9.02: (0.82, 1.00, 2.20, 5.00)
126. 9.03: (0.43, 2.10, 2.50, 4.00)
127. 9.03: (0.48, 1.75, 2.50, 4.30)
128. 9.12: (0.60, 1.52, 2.00, 5.00)
129. 9.18: (0.48, 1.70, 2.50, 4.50)
130. 9.18: (0.68, 1.00, 3.00, 4.50)
131. 9.20: (0.40, 2.30, 2.50, 4.00)
132. 9.20: (0.50, 1.60, 2.50, 4.60)
133. 9.23: (1.00, 1.25, 1.30, 5.68)
134. 9.24: (0.64, 1.00, 3.75, 3.85)
135. 9.27: (0.40, 2.25, 2.50, 4.12)
136. 9.35: (0.40, 2.20, 2.50, 4.25)
137. 9.35: (0.85, 1.00, 2.00, 5.50)
138. 9.36: (0.50, 1.56, 2.50, 4.80)
139. 9.36: (0.52, 1.25, 3.75, 3.84)
140. 9.36: (0.65, 0.96, 3.75, 4.00)
141. 9.38: (0.70, 1.00, 2.68, 5.00)
142. 9.45: (0.35, 2.50, 3.00, 3.60)
143. 9.45: (0.40, 1.80, 3.50, 3.75)
144. 9.45: (0.45, 1.50, 3.50, 4.00)
145. 9.45: (0.75, 0.90, 2.80, 5.00)
146. 9.45: (0.80, 0.90, 2.50, 5.25)
147. 9.48: (0.50, 1.28, 3.75, 3.95)
148. 9.48: (0.50, 1.58, 2.40, 5.00)
149. 9.54: (0.75, 0.80, 3.75, 4.24)
150. 9.57: (0.75, 1.00, 2.32, 5.50)
151. 9.59: (0.35, 2.50, 2.74, 4.00)
152. 9.60: (0.60, 1.00, 4.00, 4.00)
153. 9.60: (0.80, 0.80, 3.00, 5.00)
154. 9.60: (1.00, 1.00, 1.60, 6.00)
155. 9.62: (0.37, 2.00, 3.25, 4.00)
156. 9.63: (0.50, 1.25, 3.60, 4.28)
157. 9.63: (0.60, 1.00, 3.75, 4.28)
158. 9.66: (0.50, 1.40, 2.76, 5.00)
159. 9.66: (0.80, 1.25, 1.61, 6.00)
160. 9.68: (0.80, 0.88, 2.50, 5.50)
161. 9.69: (0.34, 2.50, 2.85, 4.00)
162. 9.69: (0.40, 2.04, 2.50, 4.75)
163. 9.72: (0.72, 1.50, 1.50, 6.00)
164. 9.75: (1.00, 1.20, 1.30, 6.25)
165. 9.78: (0.40, 1.63, 3.75, 4.00)
166. 9.80: (0.40, 2.00, 2.50, 4.90)
167. 9.80: (0.70, 1.00, 2.50, 5.60)
168. 9.81: (0.50, 1.20, 3.75, 4.36)
169. 9.86: (0.80, 1.36, 1.45, 6.25)
170. 9.86: (0.85, 1.16, 1.60, 6.25)
171. 9.87: (0.47, 1.40, 3.00, 5.00)
172. 9.87: (0.94, 1.00, 1.68, 6.25)
173. 9.89: (0.92, 1.00, 1.72, 6.25)
174. 9.90: (0.50, 1.25, 3.20, 4.95)
175. 9.90: (0.50, 1.50, 2.40, 5.50)
176. 9.90: (0.60, 1.00, 3.30, 5.00)
177. 9.90: (0.75, 0.75, 4.00, 4.40)
178. 9.90: (0.80, 1.20, 1.65, 6.25)
179. 9.92: (0.32, 2.50, 3.10, 4.00)
180. 9.99: (0.50, 1.44, 2.50, 5.55)
181. 9.99: (0.74, 0.75, 4.00, 4.50)
182. 9.99: (0.74, 1.00, 2.25, 6.00)
183. 9.99: (0.74, 1.20, 1.80, 6.25)
